$ 1 0.000005 166.34793248332176 60 5 43 5e-11
f 800 208 736 208 32 2.6 0.02
f 736 144 736 48 41 2.4 0.02
r 848 208 976 208 0 470000
w 720 48 624 48 0
w 624 48 560 48 0
w 560 48 416 48 1
r 560 144 560 48 0 100000
r 976 208 976 48 0 100000
w 752 48 848 48 0
w 736 144 736 192 0
g 800 304 800 336 0 0
w 848 48 976 48 1
r 1248 48 1248 192 0 1000
162 1248 192 1248 352 2 default-led 1 0 0 0.01
g 1248 352 1248 416 0 0
R 416 48 304 48 0 0 40 12 0 0 0.5
c 848 48 848 208 0 0.0000022 6.591364238849371 0.001
c 624 48 624 144 0 0.000001 -2.2315512145336136 0.001
r 416 144 416 48 0 10000
c 416 144 560 144 0 0.000001 -2.349241597028451 0.001
w 560 144 624 144 0
d 416 448 416 144 2 default
w 976 208 976 448 0
w 976 448 416 448 0
s 256 144 416 144 0 1 false
g 256 272 256 352 0 0
r 256 272 256 144 0 1
w 1248 48 976 48 0
x 1024 39 1080 42 4 24 V\sout
x 239 426 340 429 4 24 MCU\sPIN
w 624 144 736 144 0
c 848 208 848 304 0 1e-7 -5.530749593635994 0.001
w 800 208 848 208 0
r 800 208 800 304 0 1000000
w 848 304 800 304 0
w 800 304 736 304 0
w 736 304 736 224 0
x 312 1 460 4 4 24 V\sin\s(3.3-20V)
x 111 88 239 91 4 24 press\sto\sON
x 41 125 246 128 4 24 hold\s2-3sec\sto\sOFF
w 416 144 304 400 0
x 77 468 370 471 4 24 pull\sLOW\sfor\s2-3sec\sto\sOFF
x 781 117 835 120 4 12 timing\scap
b 688 0 783 262 0
x 702 -9 746 -6 4 12 AO4620
